{"world2": {"chips_can'": {"item_t": [0.284607, -0.216313, 1.14], "item_r": [[0.999999999422, 1.223999999499792e-09, 3.3999999971417334e-05], [0.0, 0.999999999352, -3.5999999992224e-05], [-3.399999999344933e-05, 3.5999999971416e-05, 0.999999998774]]}, "1080pcamera'": {"item_t": [1.34317, -0.226675, 1.23991], "item_r": [[1.0, 0.0, 0.0], [0.0, 1.0, 0.0], [0.0, 0.0, 1.0]]}, "potted_meat_can'": {"item_t": [-0.235551, -0.036876, 1.0559999999999998], "item_r": [[1.0, 0.0, 0.0], [0.0, 1.0, 0.0], [0.0, 0.0, 1.0]]}, "master_chef_can'": {"item_t": [0.472818, -0.361524, 1.0844999999999998], "item_r": [[0.9999999999875, 0.0, -4.999999999979167e-06], [0.0, 1.0, 0.0], [4.999999999979167e-06, 0.0, 0.9999999999875]]}, "cracker_box'": {"item_t": [0.665574, -0.173169, 1.1199999999999999], "item_r": [[0.999999999928, 4.799999998604801e-10, 1.1999999990112002e-05], [0.0, 0.9999999992, -3.999999998933334e-05], [-1.1999999999712e-05, 3.999999998645334e-05, 0.9999999991280001]]}, "tuna_fish_can'": {"item_t": [0.808967, -0.034628, 1.0314999999999999], "item_r": [[0.9999999109580013, 1.0803199561354076e-07, -0.0004219999736466633], [0.0, 0.9999999672320001, 0.0002559999972037973], [0.0004219999874747588, -0.00025599997440904594, 0.9999998781900044]]}, "tomato_soup_can'": {"item_t": [0.386646, -0.312333, 1.0655], "item_r": [[0.999999999352, 2.87999999630592e-09, -3.5999999877024e-05], [0.0, 0.9999999968, 7.999999991466667e-05], [3.5999999992224e-05, -7.999999986282667e-05, 0.999999996152]]}, "1080pcamera_1'": {"item_t": [0.460018, 0.706432, 1.23815], "item_r": [[1.0, 0.0, 0.0], [0.0, 1.0, 0.0], [0.0, 0.0, 1.0]]}, "1080pcamera_0'": {"item_t": [0.400818, -1.06814, 1.23512], "item_r": [[1.0, 0.0, 0.0], [0.0, 1.0, 0.0], [0.0, 0.0, 1.0]]}, "gelatin_box'": {"item_t": [0.818028, -0.411075, 1.06549], "item_r": [[7.632679482261465e-05, 0.973225426721469, 0.22985269838971867], [0.0, 0.22985269905925426, -0.9732254295563674], [-0.9999999970871102, 7.428317767789987e-05, 1.7543919800519893e-05]]}, "sugar_box'": {"item_t": [1.070999, -0.103486, 1.1024999999999998], "item_r": [[0.9999999998555, -3.739999999518163e-10, 1.6999999995067168e-05], [0.0, 0.999999999758, 2.1999999998225333e-05], [-1.6999999999181166e-05, -2.1999999995046334e-05, 0.9999999996135001]]}, "pitcher_base'": {"item_t": [-59.8907, -37.5939, 0.046706], "item_r": [[0.9965884961804582, -0.048895460548914395, 0.06648761703116128], [0.0, 0.8056075999146908, 0.5924494872642658], [-0.08253102011227544, -0.5904283435755782, 0.8028592665105299]]}, "mustard_bottle'": {"item_t": [0.548749, -0.273144, 1.01837], "item_r": [[0.9997073878394264, -0.0004486195379628477, 0.024185479936956085], [0.0, 0.9998280093258581, 0.018545936684129846], [-0.024189640329503607, -0.01854050991752684, 0.9995354474918473]]}}, "world3": {"chips_can'": {"item_t": [0.284607, -0.216313, 1.14], "item_r": [[0.999999999422, 1.223999999499792e-09, 3.3999999971417334e-05], [0.0, 0.999999999352, -3.5999999992224e-05], [-3.399999999344933e-05, 3.5999999971416e-05, 0.999999998774]]}, "1080pcamera'": {"item_t": [1.34317, -0.226675, 1.23991], "item_r": [[1.0, 0.0, 0.0], [0.0, 1.0, 0.0], [0.0, 0.0, 1.0]]}, "potted_meat_can'": {"item_t": [-0.235551, -0.036876, 1.0559999999999998], "item_r": [[1.0, 0.0, 0.0], [0.0, 1.0, 0.0], [0.0, 0.0, 1.0]]}, "master_chef_can'": {"item_t": [0.472818, -0.361524, 1.0844999999999998], "item_r": [[0.9999999999875, 0.0, -4.999999999979167e-06], [0.0, 1.0, 0.0], [4.999999999979167e-06, 0.0, 0.9999999999875]]}, "cracker_box'": {"item_t": [0.665574, -0.173169, 1.1199999999999999], "item_r": [[0.999999999928, 4.799999998604801e-10, 1.1999999990112002e-05], [0.0, 0.9999999992, -3.999999998933334e-05], [-1.1999999999712e-05, 3.999999998645334e-05, 0.9999999991280001]]}, "tuna_fish_can'": {"item_t": [0.808967, -0.034628, 1.0314999999999999], "item_r": [[0.9999999109580013, 1.0803199561354076e-07, -0.0004219999736466633], [0.0, 0.9999999672320001, 0.0002559999972037973], [0.0004219999874747588, -0.00025599997440904594, 0.9999998781900044]]}, "tomato_soup_can'": {"item_t": [0.386646, -0.312333, 1.0655], "item_r": [[0.999999999352, 2.87999999630592e-09, -3.5999999877024e-05], [0.0, 0.9999999968, 7.999999991466667e-05], [3.5999999992224e-05, -7.999999986282667e-05, 0.999999996152]]}, "1080pcamera_1'": {"item_t": [0.460018, 0.706432, 1.23815], "item_r": [[1.0, 0.0, 0.0], [0.0, 1.0, 0.0], [0.0, 0.0, 1.0]]}, "1080pcamera_0'": {"item_t": [0.400818, -1.06814, 1.23512], "item_r": [[1.0, 0.0, 0.0], [0.0, 1.0, 0.0], [0.0, 0.0, 1.0]]}, "gelatin_box'": {"item_t": [0.818028, -0.411075, 1.06549], "item_r": [[7.632679482261465e-05, 0.973225426721469, 0.22985269838971867], [0.0, 0.22985269905925426, -0.9732254295563674], [-0.9999999970871102, 7.428317767789987e-05, 1.7543919800519893e-05]]}, "sugar_box'": {"item_t": [1.070999, -0.103486, 1.1024999999999998], "item_r": [[0.9999999998555, -3.739999999518163e-10, 1.6999999995067168e-05], [0.0, 0.999999999758, 2.1999999998225333e-05], [-1.6999999999181166e-05, -2.1999999995046334e-05, 0.9999999996135001]]}, "pitcher_base'": {"item_t": [-59.8907, -37.5939, 0.046706], "item_r": [[0.9965884961804582, -0.048895460548914395, 0.06648761703116128], [0.0, 0.8056075999146908, 0.5924494872642658], [-0.08253102011227544, -0.5904283435755782, 0.8028592665105299]]}, "mustard_bottle'": {"item_t": [0.548749, -0.273144, 1.01837], "item_r": [[0.9997073878394264, -0.0004486195379628477, 0.024185479936956085], [0.0, 0.9998280093258581, 0.018545936684129846], [-0.024189640329503607, -0.01854050991752684, 0.9995354474918473]]}}, "world1": {"chips_can'": {"item_t": [0.284607, -0.216313, 1.14], "item_r": [[0.999999999422, 1.223999999499792e-09, 3.3999999971417334e-05], [0.0, 0.999999999352, -3.5999999992224e-05], [-3.399999999344933e-05, 3.5999999971416e-05, 0.999999998774]]}, "1080pcamera'": {"item_t": [1.34317, -0.226675, 1.23991], "item_r": [[1.0, 0.0, 0.0], [0.0, 1.0, 0.0], [0.0, 0.0, 1.0]]}, "potted_meat_can'": {"item_t": [-0.235551, -0.036876, 1.0559999999999998], "item_r": [[1.0, 0.0, 0.0], [0.0, 1.0, 0.0], [0.0, 0.0, 1.0]]}, "master_chef_can'": {"item_t": [0.472818, -0.361524, 1.0844999999999998], "item_r": [[0.9999999999875, 0.0, -4.999999999979167e-06], [0.0, 1.0, 0.0], [4.999999999979167e-06, 0.0, 0.9999999999875]]}, "cracker_box'": {"item_t": [0.665574, -0.173169, 1.1199999999999999], "item_r": [[0.999999999928, 4.799999998604801e-10, 1.1999999990112002e-05], [0.0, 0.9999999992, -3.999999998933334e-05], [-1.1999999999712e-05, 3.999999998645334e-05, 0.9999999991280001]]}, "tuna_fish_can'": {"item_t": [0.808967, -0.034628, 1.0314999999999999], "item_r": [[0.9999999109580013, 1.0803199561354076e-07, -0.0004219999736466633], [0.0, 0.9999999672320001, 0.0002559999972037973], [0.0004219999874747588, -0.00025599997440904594, 0.9999998781900044]]}, "tomato_soup_can'": {"item_t": [0.386646, -0.312333, 1.0655], "item_r": [[0.999999999352, 2.87999999630592e-09, -3.5999999877024e-05], [0.0, 0.9999999968, 7.999999991466667e-05], [3.5999999992224e-05, -7.999999986282667e-05, 0.999999996152]]}, "1080pcamera_1'": {"item_t": [0.460018, 0.706432, 1.23815], "item_r": [[1.0, 0.0, 0.0], [0.0, 1.0, 0.0], [0.0, 0.0, 1.0]]}, "1080pcamera_0'": {"item_t": [0.400818, -1.06814, 1.23512], "item_r": [[1.0, 0.0, 0.0], [0.0, 1.0, 0.0], [0.0, 0.0, 1.0]]}, "gelatin_box'": {"item_t": [0.818028, -0.411075, 1.06549], "item_r": [[7.632679482261465e-05, 0.973225426721469, 0.22985269838971867], [0.0, 0.22985269905925426, -0.9732254295563674], [-0.9999999970871102, 7.428317767789987e-05, 1.7543919800519893e-05]]}, "sugar_box'": {"item_t": [1.070999, -0.103486, 1.1024999999999998], "item_r": [[0.9999999998555, -3.739999999518163e-10, 1.6999999995067168e-05], [0.0, 0.999999999758, 2.1999999998225333e-05], [-1.6999999999181166e-05, -2.1999999995046334e-05, 0.9999999996135001]]}, "pitcher_base'": {"item_t": [-59.8907, -37.5939, 0.046706], "item_r": [[0.9965884961804582, -0.048895460548914395, 0.06648761703116128], [0.0, 0.8056075999146908, 0.5924494872642658], [-0.08253102011227544, -0.5904283435755782, 0.8028592665105299]]}, "mustard_bottle'": {"item_t": [0.548749, -0.273144, 1.01837], "item_r": [[0.9997073878394264, -0.0004486195379628477, 0.024185479936956085], [0.0, 0.9998280093258581, 0.018545936684129846], [-0.024189640329503607, -0.01854050991752684, 0.9995354474918473]]}}, "world6": {"chips_can'": {"item_t": [0.284607, -0.216313, 1.14], "item_r": [[0.999999999422, 1.223999999499792e-09, 3.3999999971417334e-05], [0.0, 0.999999999352, -3.5999999992224e-05], [-3.399999999344933e-05, 3.5999999971416e-05, 0.999999998774]]}, "1080pcamera'": {"item_t": [1.34317, -0.226675, 1.23991], "item_r": [[1.0, 0.0, 0.0], [0.0, 1.0, 0.0], [0.0, 0.0, 1.0]]}, "potted_meat_can'": {"item_t": [-0.235551, -0.036876, 1.0559999999999998], "item_r": [[1.0, 0.0, 0.0], [0.0, 1.0, 0.0], [0.0, 0.0, 1.0]]}, "master_chef_can'": {"item_t": [0.472818, -0.361524, 1.0844999999999998], "item_r": [[0.9999999999875, 0.0, -4.999999999979167e-06], [0.0, 1.0, 0.0], [4.999999999979167e-06, 0.0, 0.9999999999875]]}, "cracker_box'": {"item_t": [0.665574, -0.173169, 1.1199999999999999], "item_r": [[0.999999999928, 4.799999998604801e-10, 1.1999999990112002e-05], [0.0, 0.9999999992, -3.999999998933334e-05], [-1.1999999999712e-05, 3.999999998645334e-05, 0.9999999991280001]]}, "tuna_fish_can'": {"item_t": [0.808967, -0.034628, 1.0314999999999999], "item_r": [[0.9999999109580013, 1.0803199561354076e-07, -0.0004219999736466633], [0.0, 0.9999999672320001, 0.0002559999972037973], [0.0004219999874747588, -0.00025599997440904594, 0.9999998781900044]]}, "tomato_soup_can'": {"item_t": [0.386646, -0.312333, 1.0655], "item_r": [[0.999999999352, 2.87999999630592e-09, -3.5999999877024e-05], [0.0, 0.9999999968, 7.999999991466667e-05], [3.5999999992224e-05, -7.999999986282667e-05, 0.999999996152]]}, "1080pcamera_1'": {"item_t": [0.460018, 0.706432, 1.23815], "item_r": [[1.0, 0.0, 0.0], [0.0, 1.0, 0.0], [0.0, 0.0, 1.0]]}, "1080pcamera_0'": {"item_t": [0.400818, -1.06814, 1.23512], "item_r": [[1.0, 0.0, 0.0], [0.0, 1.0, 0.0], [0.0, 0.0, 1.0]]}, "gelatin_box'": {"item_t": [0.818028, -0.411075, 1.06549], "item_r": [[7.632679482261465e-05, 0.973225426721469, 0.22985269838971867], [0.0, 0.22985269905925426, -0.9732254295563674], [-0.9999999970871102, 7.428317767789987e-05, 1.7543919800519893e-05]]}, "sugar_box'": {"item_t": [1.070999, -0.103486, 1.1024999999999998], "item_r": [[0.9999999998555, -3.739999999518163e-10, 1.6999999995067168e-05], [0.0, 0.999999999758, 2.1999999998225333e-05], [-1.6999999999181166e-05, -2.1999999995046334e-05, 0.9999999996135001]]}, "pitcher_base'": {"item_t": [-59.8907, -37.5939, 0.046706], "item_r": [[0.9965884961804582, -0.048895460548914395, 0.06648761703116128], [0.0, 0.8056075999146908, 0.5924494872642658], [-0.08253102011227544, -0.5904283435755782, 0.8028592665105299]]}, "mustard_bottle'": {"item_t": [0.548749, -0.273144, 1.01837], "item_r": [[0.9997073878394264, -0.0004486195379628477, 0.024185479936956085], [0.0, 0.9998280093258581, 0.018545936684129846], [-0.024189640329503607, -0.01854050991752684, 0.9995354474918473]]}}, "world7": {"chips_can'": {"item_t": [0.284607, -0.216313, 1.14], "item_r": [[0.999999999422, 1.223999999499792e-09, 3.3999999971417334e-05], [0.0, 0.999999999352, -3.5999999992224e-05], [-3.399999999344933e-05, 3.5999999971416e-05, 0.999999998774]]}, "1080pcamera'": {"item_t": [1.34317, -0.226675, 1.23991], "item_r": [[1.0, 0.0, 0.0], [0.0, 1.0, 0.0], [0.0, 0.0, 1.0]]}, "potted_meat_can'": {"item_t": [-0.235551, -0.036876, 1.0559999999999998], "item_r": [[1.0, 0.0, 0.0], [0.0, 1.0, 0.0], [0.0, 0.0, 1.0]]}, "master_chef_can'": {"item_t": [0.472818, -0.361524, 1.0844999999999998], "item_r": [[0.9999999999875, 0.0, -4.999999999979167e-06], [0.0, 1.0, 0.0], [4.999999999979167e-06, 0.0, 0.9999999999875]]}, "cracker_box'": {"item_t": [0.665574, -0.173169, 1.1199999999999999], "item_r": [[0.999999999928, 4.799999998604801e-10, 1.1999999990112002e-05], [0.0, 0.9999999992, -3.999999998933334e-05], [-1.1999999999712e-05, 3.999999998645334e-05, 0.9999999991280001]]}, "tuna_fish_can'": {"item_t": [0.808967, -0.034628, 1.0314999999999999], "item_r": [[0.9999999109580013, 1.0803199561354076e-07, -0.0004219999736466633], [0.0, 0.9999999672320001, 0.0002559999972037973], [0.0004219999874747588, -0.00025599997440904594, 0.9999998781900044]]}, "tomato_soup_can'": {"item_t": [0.386646, -0.312333, 1.0655], "item_r": [[0.999999999352, 2.87999999630592e-09, -3.5999999877024e-05], [0.0, 0.9999999968, 7.999999991466667e-05], [3.5999999992224e-05, -7.999999986282667e-05, 0.999999996152]]}, "1080pcamera_1'": {"item_t": [0.460018, 0.706432, 1.23815], "item_r": [[1.0, 0.0, 0.0], [0.0, 1.0, 0.0], [0.0, 0.0, 1.0]]}, "1080pcamera_0'": {"item_t": [0.400818, -1.06814, 1.23512], "item_r": [[1.0, 0.0, 0.0], [0.0, 1.0, 0.0], [0.0, 0.0, 1.0]]}, "gelatin_box'": {"item_t": [0.818028, -0.411075, 1.06549], "item_r": [[7.632679482261465e-05, 0.973225426721469, 0.22985269838971867], [0.0, 0.22985269905925426, -0.9732254295563674], [-0.9999999970871102, 7.428317767789987e-05, 1.7543919800519893e-05]]}, "sugar_box'": {"item_t": [1.070999, -0.103486, 1.1024999999999998], "item_r": [[0.9999999998555, -3.739999999518163e-10, 1.6999999995067168e-05], [0.0, 0.999999999758, 2.1999999998225333e-05], [-1.6999999999181166e-05, -2.1999999995046334e-05, 0.9999999996135001]]}, "pitcher_base'": {"item_t": [-59.8907, -37.5939, 0.046706], "item_r": [[0.9965884961804582, -0.048895460548914395, 0.06648761703116128], [0.0, 0.8056075999146908, 0.5924494872642658], [-0.08253102011227544, -0.5904283435755782, 0.8028592665105299]]}, "mustard_bottle'": {"item_t": [0.548749, -0.273144, 1.01837], "item_r": [[0.9997073878394264, -0.0004486195379628477, 0.024185479936956085], [0.0, 0.9998280093258581, 0.018545936684129846], [-0.024189640329503607, -0.01854050991752684, 0.9995354474918473]]}}, "world4": {"chips_can'": {"item_t": [0.284607, -0.216313, 1.14], "item_r": [[0.999999999422, 1.223999999499792e-09, 3.3999999971417334e-05], [0.0, 0.999999999352, -3.5999999992224e-05], [-3.399999999344933e-05, 3.5999999971416e-05, 0.999999998774]]}, "1080pcamera'": {"item_t": [1.34317, -0.226675, 1.23991], "item_r": [[1.0, 0.0, 0.0], [0.0, 1.0, 0.0], [0.0, 0.0, 1.0]]}, "potted_meat_can'": {"item_t": [-0.235551, -0.036876, 1.0559999999999998], "item_r": [[1.0, 0.0, 0.0], [0.0, 1.0, 0.0], [0.0, 0.0, 1.0]]}, "master_chef_can'": {"item_t": [0.472818, -0.361524, 1.0844999999999998], "item_r": [[0.9999999999875, 0.0, -4.999999999979167e-06], [0.0, 1.0, 0.0], [4.999999999979167e-06, 0.0, 0.9999999999875]]}, "cracker_box'": {"item_t": [0.665574, -0.173169, 1.1199999999999999], "item_r": [[0.999999999928, 4.799999998604801e-10, 1.1999999990112002e-05], [0.0, 0.9999999992, -3.999999998933334e-05], [-1.1999999999712e-05, 3.999999998645334e-05, 0.9999999991280001]]}, "tuna_fish_can'": {"item_t": [0.808967, -0.034628, 1.0314999999999999], "item_r": [[0.9999999109580013, 1.0803199561354076e-07, -0.0004219999736466633], [0.0, 0.9999999672320001, 0.0002559999972037973], [0.0004219999874747588, -0.00025599997440904594, 0.9999998781900044]]}, "tomato_soup_can'": {"item_t": [0.386646, -0.312333, 1.0655], "item_r": [[0.999999999352, 2.87999999630592e-09, -3.5999999877024e-05], [0.0, 0.9999999968, 7.999999991466667e-05], [3.5999999992224e-05, -7.999999986282667e-05, 0.999999996152]]}, "1080pcamera_1'": {"item_t": [0.460018, 0.706432, 1.23815], "item_r": [[1.0, 0.0, 0.0], [0.0, 1.0, 0.0], [0.0, 0.0, 1.0]]}, "1080pcamera_0'": {"item_t": [0.400818, -1.06814, 1.23512], "item_r": [[1.0, 0.0, 0.0], [0.0, 1.0, 0.0], [0.0, 0.0, 1.0]]}, "gelatin_box'": {"item_t": [0.818028, -0.411075, 1.06549], "item_r": [[7.632679482261465e-05, 0.973225426721469, 0.22985269838971867], [0.0, 0.22985269905925426, -0.9732254295563674], [-0.9999999970871102, 7.428317767789987e-05, 1.7543919800519893e-05]]}, "sugar_box'": {"item_t": [1.070999, -0.103486, 1.1024999999999998], "item_r": [[0.9999999998555, -3.739999999518163e-10, 1.6999999995067168e-05], [0.0, 0.999999999758, 2.1999999998225333e-05], [-1.6999999999181166e-05, -2.1999999995046334e-05, 0.9999999996135001]]}, "pitcher_base'": {"item_t": [-59.8907, -37.5939, 0.046706], "item_r": [[0.9965884961804582, -0.048895460548914395, 0.06648761703116128], [0.0, 0.8056075999146908, 0.5924494872642658], [-0.08253102011227544, -0.5904283435755782, 0.8028592665105299]]}, "mustard_bottle'": {"item_t": [0.548749, -0.273144, 1.01837], "item_r": [[0.9997073878394264, -0.0004486195379628477, 0.024185479936956085], [0.0, 0.9998280093258581, 0.018545936684129846], [-0.024189640329503607, -0.01854050991752684, 0.9995354474918473]]}}, "world5": {"chips_can'": {"item_t": [0.284607, -0.216313, 1.14], "item_r": [[0.999999999422, 1.223999999499792e-09, 3.3999999971417334e-05], [0.0, 0.999999999352, -3.5999999992224e-05], [-3.399999999344933e-05, 3.5999999971416e-05, 0.999999998774]]}, "1080pcamera'": {"item_t": [1.34317, -0.226675, 1.23991], "item_r": [[1.0, 0.0, 0.0], [0.0, 1.0, 0.0], [0.0, 0.0, 1.0]]}, "potted_meat_can'": {"item_t": [-0.235551, -0.036876, 1.0559999999999998], "item_r": [[1.0, 0.0, 0.0], [0.0, 1.0, 0.0], [0.0, 0.0, 1.0]]}, "master_chef_can'": {"item_t": [0.472818, -0.361524, 1.0844999999999998], "item_r": [[0.9999999999875, 0.0, -4.999999999979167e-06], [0.0, 1.0, 0.0], [4.999999999979167e-06, 0.0, 0.9999999999875]]}, "cracker_box'": {"item_t": [0.665574, -0.173169, 1.1199999999999999], "item_r": [[0.999999999928, 4.799999998604801e-10, 1.1999999990112002e-05], [0.0, 0.9999999992, -3.999999998933334e-05], [-1.1999999999712e-05, 3.999999998645334e-05, 0.9999999991280001]]}, "tuna_fish_can'": {"item_t": [0.808967, -0.034628, 1.0314999999999999], "item_r": [[0.9999999109580013, 1.0803199561354076e-07, -0.0004219999736466633], [0.0, 0.9999999672320001, 0.0002559999972037973], [0.0004219999874747588, -0.00025599997440904594, 0.9999998781900044]]}, "tomato_soup_can'": {"item_t": [0.386646, -0.312333, 1.0655], "item_r": [[0.999999999352, 2.87999999630592e-09, -3.5999999877024e-05], [0.0, 0.9999999968, 7.999999991466667e-05], [3.5999999992224e-05, -7.999999986282667e-05, 0.999999996152]]}, "1080pcamera_1'": {"item_t": [0.460018, 0.706432, 1.23815], "item_r": [[1.0, 0.0, 0.0], [0.0, 1.0, 0.0], [0.0, 0.0, 1.0]]}, "1080pcamera_0'": {"item_t": [0.400818, -1.06814, 1.23512], "item_r": [[1.0, 0.0, 0.0], [0.0, 1.0, 0.0], [0.0, 0.0, 1.0]]}, "gelatin_box'": {"item_t": [0.818028, -0.411075, 1.06549], "item_r": [[7.632679482261465e-05, 0.973225426721469, 0.22985269838971867], [0.0, 0.22985269905925426, -0.9732254295563674], [-0.9999999970871102, 7.428317767789987e-05, 1.7543919800519893e-05]]}, "sugar_box'": {"item_t": [1.070999, -0.103486, 1.1024999999999998], "item_r": [[0.9999999998555, -3.739999999518163e-10, 1.6999999995067168e-05], [0.0, 0.999999999758, 2.1999999998225333e-05], [-1.6999999999181166e-05, -2.1999999995046334e-05, 0.9999999996135001]]}, "pitcher_base'": {"item_t": [-59.8907, -37.5939, 0.046706], "item_r": [[0.9965884961804582, -0.048895460548914395, 0.06648761703116128], [0.0, 0.8056075999146908, 0.5924494872642658], [-0.08253102011227544, -0.5904283435755782, 0.8028592665105299]]}, "mustard_bottle'": {"item_t": [0.548749, -0.273144, 1.01837], "item_r": [[0.9997073878394264, -0.0004486195379628477, 0.024185479936956085], [0.0, 0.9998280093258581, 0.018545936684129846], [-0.024189640329503607, -0.01854050991752684, 0.9995354474918473]]}}, "world8": {"chips_can'": {"item_t": [0.284607, -0.216313, 1.14], "item_r": [[0.999999999422, 1.223999999499792e-09, 3.3999999971417334e-05], [0.0, 0.999999999352, -3.5999999992224e-05], [-3.399999999344933e-05, 3.5999999971416e-05, 0.999999998774]]}, "1080pcamera'": {"item_t": [1.34317, -0.226675, 1.23991], "item_r": [[1.0, 0.0, 0.0], [0.0, 1.0, 0.0], [0.0, 0.0, 1.0]]}, "potted_meat_can'": {"item_t": [-0.235551, -0.036876, 1.0559999999999998], "item_r": [[1.0, 0.0, 0.0], [0.0, 1.0, 0.0], [0.0, 0.0, 1.0]]}, "master_chef_can'": {"item_t": [0.472818, -0.361524, 1.0844999999999998], "item_r": [[0.9999999999875, 0.0, -4.999999999979167e-06], [0.0, 1.0, 0.0], [4.999999999979167e-06, 0.0, 0.9999999999875]]}, "cracker_box'": {"item_t": [0.665574, -0.173169, 1.1199999999999999], "item_r": [[0.999999999928, 4.799999998604801e-10, 1.1999999990112002e-05], [0.0, 0.9999999992, -3.999999998933334e-05], [-1.1999999999712e-05, 3.999999998645334e-05, 0.9999999991280001]]}, "tuna_fish_can'": {"item_t": [0.808967, -0.034628, 1.0314999999999999], "item_r": [[0.9999999109580013, 1.0803199561354076e-07, -0.0004219999736466633], [0.0, 0.9999999672320001, 0.0002559999972037973], [0.0004219999874747588, -0.00025599997440904594, 0.9999998781900044]]}, "tomato_soup_can'": {"item_t": [0.386646, -0.312333, 1.0655], "item_r": [[0.999999999352, 2.87999999630592e-09, -3.5999999877024e-05], [0.0, 0.9999999968, 7.999999991466667e-05], [3.5999999992224e-05, -7.999999986282667e-05, 0.999999996152]]}, "1080pcamera_1'": {"item_t": [0.460018, 0.706432, 1.23815], "item_r": [[1.0, 0.0, 0.0], [0.0, 1.0, 0.0], [0.0, 0.0, 1.0]]}, "1080pcamera_0'": {"item_t": [0.400818, -1.06814, 1.23512], "item_r": [[1.0, 0.0, 0.0], [0.0, 1.0, 0.0], [0.0, 0.0, 1.0]]}, "gelatin_box'": {"item_t": [0.818028, -0.411075, 1.06549], "item_r": [[7.632679482261465e-05, 0.973225426721469, 0.22985269838971867], [0.0, 0.22985269905925426, -0.9732254295563674], [-0.9999999970871102, 7.428317767789987e-05, 1.7543919800519893e-05]]}, "sugar_box'": {"item_t": [1.070999, -0.103486, 1.1024999999999998], "item_r": [[0.9999999998555, -3.739999999518163e-10, 1.6999999995067168e-05], [0.0, 0.999999999758, 2.1999999998225333e-05], [-1.6999999999181166e-05, -2.1999999995046334e-05, 0.9999999996135001]]}, "pitcher_base'": {"item_t": [-59.8907, -37.5939, 0.046706], "item_r": [[0.9965884961804582, -0.048895460548914395, 0.06648761703116128], [0.0, 0.8056075999146908, 0.5924494872642658], [-0.08253102011227544, -0.5904283435755782, 0.8028592665105299]]}, "mustard_bottle'": {"item_t": [0.548749, -0.273144, 1.01837], "item_r": [[0.9997073878394264, -0.0004486195379628477, 0.024185479936956085], [0.0, 0.9998280093258581, 0.018545936684129846], [-0.024189640329503607, -0.01854050991752684, 0.9995354474918473]]}}, "world9": {"chips_can'": {"item_t": [0.284607, -0.216313, 1.14], "item_r": [[0.999999999422, 1.223999999499792e-09, 3.3999999971417334e-05], [0.0, 0.999999999352, -3.5999999992224e-05], [-3.399999999344933e-05, 3.5999999971416e-05, 0.999999998774]]}, "1080pcamera'": {"item_t": [1.34317, -0.226675, 1.23991], "item_r": [[1.0, 0.0, 0.0], [0.0, 1.0, 0.0], [0.0, 0.0, 1.0]]}, "potted_meat_can'": {"item_t": [-0.235551, -0.036876, 1.0559999999999998], "item_r": [[1.0, 0.0, 0.0], [0.0, 1.0, 0.0], [0.0, 0.0, 1.0]]}, "master_chef_can'": {"item_t": [0.472818, -0.361524, 1.0844999999999998], "item_r": [[0.9999999999875, 0.0, -4.999999999979167e-06], [0.0, 1.0, 0.0], [4.999999999979167e-06, 0.0, 0.9999999999875]]}, "cracker_box'": {"item_t": [0.665574, -0.173169, 1.1199999999999999], "item_r": [[0.999999999928, 4.799999998604801e-10, 1.1999999990112002e-05], [0.0, 0.9999999992, -3.999999998933334e-05], [-1.1999999999712e-05, 3.999999998645334e-05, 0.9999999991280001]]}, "tuna_fish_can'": {"item_t": [0.808967, -0.034628, 1.0314999999999999], "item_r": [[0.9999999109580013, 1.0803199561354076e-07, -0.0004219999736466633], [0.0, 0.9999999672320001, 0.0002559999972037973], [0.0004219999874747588, -0.00025599997440904594, 0.9999998781900044]]}, "tomato_soup_can'": {"item_t": [0.386646, -0.312333, 1.0655], "item_r": [[0.999999999352, 2.87999999630592e-09, -3.5999999877024e-05], [0.0, 0.9999999968, 7.999999991466667e-05], [3.5999999992224e-05, -7.999999986282667e-05, 0.999999996152]]}, "1080pcamera_1'": {"item_t": [0.460018, 0.706432, 1.23815], "item_r": [[1.0, 0.0, 0.0], [0.0, 1.0, 0.0], [0.0, 0.0, 1.0]]}, "1080pcamera_0'": {"item_t": [0.400818, -1.06814, 1.23512], "item_r": [[1.0, 0.0, 0.0], [0.0, 1.0, 0.0], [0.0, 0.0, 1.0]]}, "gelatin_box'": {"item_t": [0.818028, -0.411075, 1.06549], "item_r": [[7.632679482261465e-05, 0.973225426721469, 0.22985269838971867], [0.0, 0.22985269905925426, -0.9732254295563674], [-0.9999999970871102, 7.428317767789987e-05, 1.7543919800519893e-05]]}, "sugar_box'": {"item_t": [1.070999, -0.103486, 1.1024999999999998], "item_r": [[0.9999999998555, -3.739999999518163e-10, 1.6999999995067168e-05], [0.0, 0.999999999758, 2.1999999998225333e-05], [-1.6999999999181166e-05, -2.1999999995046334e-05, 0.9999999996135001]]}, "pitcher_base'": {"item_t": [-59.8907, -37.5939, 0.046706], "item_r": [[0.9965884961804582, -0.048895460548914395, 0.06648761703116128], [0.0, 0.8056075999146908, 0.5924494872642658], [-0.08253102011227544, -0.5904283435755782, 0.8028592665105299]]}, "mustard_bottle'": {"item_t": [0.548749, -0.273144, 1.01837], "item_r": [[0.9997073878394264, -0.0004486195379628477, 0.024185479936956085], [0.0, 0.9998280093258581, 0.018545936684129846], [-0.024189640329503607, -0.01854050991752684, 0.9995354474918473]]}}}